0011000000000010110100011
0101000000000000010100100
0001000000000010001000101
0010000000000010110100110
0111000000000010110100111
0010000000000010110100001
0001000000000010110100010
1000000101010000110100010
1000100010001100101100101
1001000000101000000000010
1001101101011001110110010
1010001001010000011100110
1010100001000010000100001
1011001010010110110001101
1011110111110001111011111
1100000000000000000000000
1100000001011011011111110
1100000010011111000010001
1100000011111011110011111
1100000100010110100100000
1100000101001010100110111
1100000110001110100011101
1100000111111111111011101
1100001000000010100000000
1100001001101111100000001
1100001010000010001000011
1100001011000110110110111
1100001100010011001111101
1100001101000010101110101
1100001110010001110010010
1100001111001101000011010
